,ASIN
0,0199541728
1,0199549729
2,0199559953
3,0199562105
4,0199563543
5,0199563810
6,0199564280
7,0199565716
8,0199567158
9,0199568928
10,0199570523
11,0199571546
12,0199572267
13,0199573646
14,0199574715
15,0199575223
16,0199575924
17,0199576092
18,0199578729
19,0199579512
20,0199580154
21,0199580693
22,0199580804
23,0199582009
24,0199582637
25,0199583404
26,0199583773
27,0199583927
28,0199585695
29,0199586101
30,0199586497
31,0199588058
32,0199588260
33,0199588430
34,0199589240
35,0199589925
36,0199590079
37,0199592233
38,0199593426
39,0199595186
40,0199599335
41,0199600511
42,0199600597
43,0199601712
44,0199603936
45,0199604959
46,0199605572
47,0199605890
48,0199606609
49,0199608288
50,0199609969
51,0199640947
52,0199641455
53,0199641870
54,0199645450
55,0199645698
56,0199646317
57,0199646678
58,0199650640
59,0199651566
60,0199651647
61,0199651736
62,0199651809
63,0199651868
64,0199651922
65,0199652031
66,0199652570
67,0199654115
68,0199656495
69,0199656738
70,0199657122
71,0199658781
72,0199659788
73,0199669066
74,0199669589
75,0199671125
76,0199672393
77,0199673047
78,0199673659
79,0199674434
80,0199674701
81,0199674892
82,0199676208
83,0199677158
84,0199678324
85,0199679096
86,0199679592
87,0199679940
88,0199682690
89,0199683433
90,0199684065
91,0199684618
92,0199685215
93,0199685770
94,0199687234
95,0199687471
96,0199687773
97,0199687943
98,0199689172
99,0199689393
100,0199689601
101,0199689946
102,0199691851
103,0199692998
104,0199696802
105,0199730075
106,0199734089
107,0199734283
108,0199734860
109,0199734941
110,0199735387
111,0199735719
112,0199736006
113,0199737576
114,0199738866
115,0199739056
116,0199739277
117,0199739382
118,0199739668
119,0199739773
120,0199740062
121,0199740267
122,0199740283
123,0199740445
124,0199742820
125,0199743509
126,0199744548
127,0199747466
128,0199753504
129,0199753814
130,0199753903
131,0199753962
132,0199754071
133,0199754101
134,0199754209
135,0199756554
136,0199757852
137,0199759227
138,0199766908
139,0199768439
140,0199768951
141,0199783241
142,0199792070
143,0199793514
144,0199794642
145,0199794960
146,0199795134
147,0199795355
148,0199796645
149,0199796912
150,0199798109
151,0199811709
152,0199812098
153,0199812144
154,0199812373
155,0199856672
156,0199859051
157,0199859116
158,0199860017
159,0199897786
160,0199913781
161,0199914702
162,0199914990
163,0199916268
164,0199916586
165,0199917906
166,0199919755
167,0199919984
168,0199931003
169,0199931097
170,0199931453
171,0199933731
172,0199934673
173,0199937397
174,0199943850
175,0199945713
176,0199946566
177,0199946612
178,0199947937
179,0199948127
180,0199948232
181,0199948240
182,0199948798
183,0199950733
184,0199951063
185,0199958211
186,0199965226
187,0199973709
188,0199974551
189,0199977534
190,0199978034
191,0199981124
192,0199988714
193,0199989591
194,0199989648
195,0199990271
196,0199997276
197,0199997322
198,0201000237
199,0201012510
200,0201047624
201,0201064944
202,0201083183
203,0201090392
204,0201095599
205,0201120372
206,0201137445
207,0201141965
208,0201146592
209,0201154943
210,0201154951
211,0201172348
212,0201172364
213,0201321424
214,0201339897
215,0201350882
216,0201357526
217,0201362996
218,0201366460
219,0201380277
220,0201398559
221,0201403579
222,0201407191
223,0201407213
224,0201408309
225,0201416638
226,0201433079
227,0201433281
228,0201433362
229,0201479567
230,0201489392
231,0201501287
232,0201508818
233,0201539306
234,0201543036
235,0201543613
236,0201544121
237,0201546299
238,0201558025
239,0201578999
240,0201581477
241,0201607336
242,0201608375
243,0201632160
244,0201675323
245,0201700476
246,0201700697
247,0201703394
248,0201704811
249,0201708507
250,0201734168
251,0201734990
252,0201749629
253,0201752794
254,0201756080
255,0201775948
256,0201824981
257,0201847655
258,0201896842
259,0202010392
260,0202301575
261,0202304256
262,0202305872
263,0202306682
264,0205000363
265,0205001335
266,0205001912
267,0205006833
268,0205020402
269,0205028187
270,0205028993
271,0205029434
272,0205032168
273,0205036236
274,0205050174
275,0205060633
276,0205064779
277,0205066720
278,0205078435
279,0205078591
280,0205081363
281,0205096557
282,0205111580
283,0205150683
284,0205158609
285,0205168787
286,0205171788
287,0205183468
288,0205191312
289,0205205585
290,0205206697
291,0205210627
292,0205211674
293,0205213073
294,0205219640
295,0205220401
296,0205230385
297,0205234100
298,0205239390
299,0205242650
300,0205249000
301,0205251730
302,0205251765
303,0205253237
304,0205254993
305,0205255639
306,0205258158
307,0205267211
308,0205275400
309,0205279023
310,0205289878
311,0205305970
312,0205321526
313,0205323693
314,0205326854
315,0205332927
316,0205355560
317,0205375197
318,0205379540
319,0205386024
320,0205394728
321,0205453422
322,0205462316
323,0205471536
324,0205515517
325,0205521061
326,0205531954
327,0205544010
328,0205548741
329,0205560997
330,0205563929
331,0205570836
332,0205572146
333,0205578748
334,0205580947
335,0205580955
336,0205585566
337,0205592406
338,0205600565
339,0205608132
340,0205609996
341,0205612016
342,0205615961
343,0205626246
344,0205627781
345,0205632351
346,0205651712
347,0205658628
348,0205687938
349,0205731368
350,0205745415
351,0205750524
352,0205765629
353,0205784623
354,0205790127
355,0205794262
356,0205797253
357,0205809383
358,0205819923
359,0205820387
360,0205827152
361,0205829651
362,0205831958
363,0205841740
364,0205845304
365,0205848052
366,0205851711
367,0205852068
368,0205854591
369,0205854923
370,0205856160
371,0205857256
372,0205859070
373,0205862136
374,0205873472
375,0205883117
376,0205892493
377,0205897215
378,0205902278
379,0205903614
380,0205912966
381,0205914128
382,0205938337
383,0205940072
384,0205940145
385,0205941001
386,0205946275
387,0205955339
388,0205956874
389,0205958699
390,0205959490
391,0205961711
392,0205966551
393,0205968171
394,0205971458
395,0205982433
396,0205985513
397,0205988008
398,0205989756
399,0205992102
400,0205996396
401,0207123519
402,0207151806
403,0207154724
404,0207163693
405,0207189005
406,0207946272
407,0208010386
408,0208023283
409,0222009799
410,0222012137
411,0224025651
412,0226005003
413,0226023559
414,0226026949
415,0226033996
416,0226043452
417,0226043592
418,0226072835
419,0226075346
420,0226075869
421,0226080781
422,0226092658
423,0226100359
424,0226100642
425,0226104036
426,0226112780
427,0226112896
428,0226118762
429,0226132137
430,0226135055
431,0226143678
432,0226144747
433,0226153096
434,0226243214
435,0226260127
436,0226261204
437,0226278727
438,0226284182
439,0226288536
440,0226292878
441,0226301265
442,0226301281
443,0226303101
444,0226305856
445,0226307700
446,0226307751
447,0226307921
448,0226308820
449,0226308987
450,0226311163
451,0226311449
452,0226311473
453,0226311511
454,0226314480
455,0226315398
456,0226318168
457,0226320553
458,0226322815
459,0226323994
460,0226332284
461,0226342441
462,0226346846
463,0226347842
464,0226348466
465,0226355047
466,0226355918
467,0226359948
468,0226391183
469,0226401901
470,0226401936
471,0226457990
472,0226458121
473,0226465780
474,0226468011
475,0226470784
476,0226476553
477,0226476995
478,0226490459
479,0226493660
480,0226500764
481,0226532321
482,0226545652
483,0226644553
484,0226668126
485,0226675572
486,0226702863
487,0226707563
488,0226719332
489,0226723828
490,0226726770
491,0226728226
492,0226729516
493,0226731987
494,0226732444
495,0226733971
496,0226735036
497,0226738078
498,0226738892
499,0226744116
500,0226762823
501,0226769852
502,0226772020
503,0226775356
504,0226776204
505,0226779750
506,0226790061
507,0226799646
508,0226803376
509,0226805336
510,0226807401
511,0226815684
512,0226816389
513,0226823377
514,0226847152
515,0226853519
516,0226871800
517,0226877914
518,0226895319
519,0226898989
520,0226901521
521,0226922111
522,0226923185
523,0226923762
524,0226947645
525,0227174402
526,0227174453
527,0227679393
528,0230001963
529,0230108555
530,0230111254
531,0230113699
532,0230113842
533,0230117279
534,0230120741
535,0230200958
536,0230202802
537,0230202853
538,0230205372
539,0230205461
540,0230210929
541,0230218865
542,0230220150
543,0230220649
544,0230232302
545,0230233201
546,0230239773
547,0230247814
548,0230249825
549,0230273424
550,0230278744
551,0230285295
552,0230285643
553,0230289584
554,0230293212
555,0230293522
556,0230301835
557,0230304540
558,0230319416
559,0230338291
560,0230338763
561,0230338844
562,0230340296
563,0230340385
564,0230341292
565,0230341721
566,0230341810
567,0230341969
568,0230342086
569,0230342175
570,0230346642
571,0230347657
572,0230355781
573,0230542409
574,0230555268
575,0230577008
576,0230577733
577,0230600190
578,0230600638
579,0230603971
580,0230605885
581,0230609139
582,0230613640
583,0230613977
584,0230614353
585,0230616534
586,0230620590
587,0230621430
588,0230623174
589,0230763839
590,0231031823
591,0231037333
592,0231045131
593,0231049528
594,0231053479
595,0231053576
596,0231058810
597,0231059337
598,0231060556
599,0231067844
600,0231068387
601,0231071574
602,0231088558
603,0231106432
604,0231109377
605,0231110030
606,0231110936
607,0231112211
608,0231112653
609,0231114893
610,0231115172
611,0231116357
612,0231118171
613,0231118600
614,0231119968
615,0231120834
616,0231123639
617,0231126484
618,0231127219
619,0231127944
620,0231127979
621,0231128177
622,0231129238
623,0231129874
624,0231130600
625,0231131631
626,0231134355
627,0231134991
628,0231135165
629,0231135629
630,0231135815
631,0231136714
632,0231137249
633,0231139616
634,0231140118
635,0231140983
636,0231142811
637,0231142935
638,0231143737
639,0231143885
640,0231144008
641,0231144407
642,0231144946
643,0231145187
644,0231146396
645,0231146876
646,0231147465
647,0231148283
648,0231148879
649,0231149034
650,0231150636
651,0231151578
652,0231151896
653,0231152140
654,0231152957
655,0231153007
656,0231153163
657,0231153414
658,0231153546
659,0231153686
660,0231156332
661,0231156359
662,0231156839
663,0231157932
664,0231158386
665,0231159102
666,0231159129
667,0231159641
668,0231160461
669,0231160631
670,0231161255
671,0231161840
672,0231162278
673,0231162448
674,0231162669
675,0231162928
676,0231163460
677,0231163541
678,0231163894
679,0231164173
680,0231164181
681,0231164238
682,0231164904
683,0231164955
684,0231165129
685,0231165226
686,0231165684
687,0231165714
688,0231166141
689,0231166184
690,0231166281
691,0231166648
692,0231166931
693,0231167202
694,0231167784
695,0231167830
696,0231168357
697,0231168365
698,0231168411
699,0231168926
700,0231169639
701,0231170041
702,0231170262
703,0231171056
704,0231171374
705,0231171501
706,0231171706
707,0231171781
708,0231171889
709,0231171900
710,0231172435
711,0231173008
712,0231173083
713,0231174063
714,0231174497
715,0231175507
716,0231701314
717,0231702043
718,0232513694
719,0232531307
720,0233003134
721,0233003355
722,0233004394
723,0233004475
724,0233004556
725,0233956182
726,0233985166
727,0233985352
728,0233991220
729,0233997253
730,0237511622
731,0237512629
732,0237513382
733,0237516721
734,0237516748
735,0237516918
736,0237516950
737,0237517728
738,0237518104
739,0237520338
740,0237520370
741,0237525410
742,0237530988
743,0237540118
744,0237541238
745,0240512340
746,0240514084
747,0240514114
748,0240514149
749,0240514157
750,0240515595
751,0240517881
752,0240521056
753,0240522168
754,0240526007
755,0240800427
756,0240800621
757,0240802179
758,0240802497
759,0240803892
760,0240805062
761,0240806956
762,0240807510
763,0240807731
764,0240807944
765,0240807987
766,0240808371
767,0240808452
768,0240808908
769,0240809122
770,0240809165
771,0240809742
772,0240810694
773,0240810899
774,0240811070
775,0240812174
776,0240812565
777,0240812638
778,0240812956
779,0240814630
780,0240814819
781,0240815351
782,0240816250
783,0240817222
784,0240817265
785,0240817362
786,0240817389
787,0240817559
788,0240817591
789,0240817915
790,0240818180
791,0240818458
792,0240818563
793,0240818946
794,0240819152
795,0240820428
796,0240820711
797,0240820797
798,0240820932
799,0240821009
800,0240821076
801,0240821572
802,0240824148
803,0240824237
804,0240824342
805,0240825152
806,0240825179
807,0241004969
808,0241006708
809,0241009715
810,0241009758
811,0241013410
812,0241014956
813,0241020018
814,0241114462
815,0241119863
816,0241123984
817,0241131847
818,0241146054
819,0241181682
820,0241186706
821,0241897327
822,0245544186
823,0245550240
824,0245597905
825,0245600442
826,0246107596
827,0246133791
828,0252000331
829,0252017986
830,0252019814
831,0252030796
832,0252039114
833,0252039440
834,0252062272
835,0252063007
836,0252068742
837,0252069943
838,0252072200
839,0252073290
840,0252074084
841,0252074718
842,0252075269
843,0252076400
844,0252079760
845,0252080351
846,0252080696
847,0252081013
848,0252081145
849,0252081390
850,0253011825
851,0253014476
852,0253014875
853,0253015235
854,0253016762
855,0253017114
856,0253017440
857,0253017610
858,0253017777
859,0253020751
860,0253141672
861,0253202604
862,0253204232
863,0253208475
864,0253208963
865,0253209862
866,0253211662
867,0253212596
868,0253213665
869,0253214165
870,0253214556
871,0253215749
872,0253216257
873,0253216400
874,0253216710
875,0253217385
876,0253218683
877,0253219922
878,0253221250
879,0253222109
880,0253222397
881,0253222532
882,0253223237
883,0253223474
884,0253223660
885,0253310709
886,0253313945
887,0253314240
888,0253314941
889,0253320860
890,0253326028
891,0253329876
892,0253332249
893,0253334608
894,0253335167
895,0253336996
896,0253337690
897,0253339294
898,0253341116
899,0253344174
900,0253344859
901,0253345472
902,0253347416
903,0253348609
904,0253352762
905,0253355400
906,0256061475
907,0256221618
908,0261103059
909,0261103881
910,0262012022
911,0262012820
912,0262013770
913,0262015641
914,0262019841
915,0262019876
916,0262023695
917,0262027615
918,0262027801
919,0262028255
920,0262028484
921,0262028697
922,0262028751
923,0262028891
924,0262028948
925,0262029049
926,0262029081
927,0262029170
928,0262029251
929,0262029464
930,0262029502
931,0262029529
932,0262029642
933,0262029731
934,0262029898
935,0262032627
936,0262033151
937,0262033844
938,0262033941
939,0262034263
940,0262040964
941,0262041855
942,0262061414
943,0262062666
944,0262071606
945,0262110962
946,0262121069
947,0262122863
948,0262123010
949,0262170019
950,0262193841
951,0262195917
952,0262201623
953,0262220504
954,0262220695
955,0262231867
956,0262240459
957,0262512068
958,0262512394
959,0262512629
960,0262512823
961,0262513137
962,0262514079
963,0262514745
964,0262515083
965,0262515792
966,0262516284
967,0262516446
968,0262516799
969,0262517833
970,0262518848
971,0262519003
972,0262519607
973,0262522462
974,0262524872
975,0262525100
976,0262525968
977,0262526085
978,0262526808
979,0262526905
980,0262527200
981,0262527952
982,0262541858
983,0262541874
984,0262550423
985,0262561271
986,0262562235
987,0262572222
988,0262580888
989,0262581620
990,0262582724
991,0262611465
992,0262633094
993,0262680823
994,0262691914
995,0262693135
996,0262701197
997,0262720213
998,0262730065
999,0262731215
1000,0262731428
1001,0262731541
1002,0262731622
1003,0262731835
1004,0268008345
1005,0268014426
1006,0268016887
1007,0268017182
1008,0268026076
1009,0268029784
1010,0268030855
1011,0268035369
1012,0268037078
1013,0268039003
1014,0271002298
1015,0271006013
1016,0271007435
1017,0271010193
1018,0271010576
1019,0271010738
1020,0271014660
1021,0271018461
1022,0271019778
1023,0271026766
1024,0271028041
1025,0271028661
1026,0271028912
1027,0271029501
1028,0271034432
1029,0271050829
1030,0271052120
1031,0271062177
1032,0271071028
1033,0271071117
1034,0273086383
1035,0273439200
1036,0273646281
1037,0273681761
1038,0273730002
1039,0273730223
1040,0273731122
1041,0273731963
1042,0273742752
1043,0273752014
1044,0275228908
1045,0275238407
1046,0275923622
1047,0275927911
1048,0275932583
1049,0275935477
1050,0275945286
1051,0275947351
1052,0275947955
1053,0275952223
1054,0275957543
1055,0275960722
1056,0275962946
1057,0275963888
1058,0275969835
1059,0275971104
1060,0275975355
1061,0275981355
1062,0275983129
1063,0275991660
1064,0275997448
1065,0276428846
1066,0276440390
1067,0281048169
1068,0281055629
1069,0285622846
1070,0285627279
1071,0285632655
1072,0285633228
1073,0285634909
1074,0285637215
1075,0285637282
1076,0285638130
1077,0285640488
1078,0285642898
1079,0285650467
1080,0289796113
1081,0289800900
1082,0292701640
1083,0292702183
1084,0292702663
1085,0292702795
1086,0292704194
1087,0292706251
1088,0292706758
1089,0292707185
1090,0292707940
1091,0292708688
1092,0292709048
1093,0292709862
1094,0292710526
1095,0292712863
1096,0292713118
1097,0292714580
1098,0292715498
1099,0292716230
1100,0292720556
1101,0292720807
1102,0292721692
1103,0292722133
1104,0292722842
1105,0292722974
1106,0292724381
1107,0292725353
1108,0292725663
1109,0292725892
1110,0292726902
