,ASIN
0,0143039148
1,0143039172
2,0143104802
3,0143124757
4,0143124986
5,0143126563
6,0147511682
7,0152050779
8,0153003804
9,0153858842
10,0155012231
11,0156028352
12,0156149729
13,0159007194
14,0159505739
15,0160589967
16,0174370628
17,0174481217
18,0176201483
19,0192117491
20,0192899074
21,0194328155
22,0194347591
23,0195031873
24,0195042972
25,0195049764
26,0195157737
27,0195170180
28,0195204190
29,0195384415
30,0195391314
31,0195475801
32,0195543688
33,0195754085
34,0198392125
35,0198501056
36,0198566735
37,0198701985
38,0198718314
39,0199191018
40,0199262500
